GAWHCWWRGHC
C[0. 0. 0. 0. 0. 0. 0. 0. 0. 0. 0.]
C[0. 0. 0. 0. 0. 0. 0. 0. 0. 0. 0.]
C[0. 0. 0. 0. 0. 0. 0. 0. 0. 0. 0.]
C[4.4398466e-06 4.4127250e-06 1.4220667e-05 1.1876060e-08 2.2837012e-06 1.2093854e-09 5.3580440e-10 6.7800204e-07 1.6509393e-08 5.5441155e-06 3.0094010e-04]
C[5.4280687e-04 3.1439579e-04 2.5986880e-04 3.3321554e-05 5.1976496e-04 2.0726029e-07 4.9318828e-07 9.7026394e-05 3.0731157e-05 1.2512675e-03 4.1987686e-03]
C[4.4398507e-06 4.4127250e-06 1.4220667e-05 1.1876038e-08 2.2837032e-06 1.2093854e-09 5.3580340e-10 6.7800204e-07 1.6509393e-08 5.5441210e-06 3.0094010e-04]
C[5.4280687e-04 3.1439550e-04 2.5986831e-04 3.3321554e-05 5.1976496e-04 2.0725987e-07 4.9318874e-07 9.7026394e-05 3.0731124e-05 1.2512656e-03 4.1987668e-03]
C[0. 0. 0. 0. 0. 0. 0. 0. 0. 0. 0.]

